0000000000000000000000000000000000000000011111111111111111000100000010000000010001000000100000000100010000001100000001000100000011000000110001000000110000001000010000010100000010000100000100100000100001000001001000011000010000100001001100000011001000011110000000011110000000000000000000000000000000000000000000000000000000000000000000000000000000000000000000000000000000000000000000000000000000000000
0000000000000000000000000000000000000000000000000000000000000111111111111111111001000000001000000010010000000010000000100100000000100000001001000000001000000010010000000110000000100100000001100000001001000000011000000010010000000110000000100110000010010000001000100001100110000100001101110000011110000000100000000000000000000000000000000000000000000000000000000000000000000000000000000000000000000000
0000000000000000000000000000000000000000011111111111111111100100000001000000001001000000010000000010010000000100000000100100000001000000001001000000010000000010010000000100000000100100000001000000001001100000010000000010001000000100000001000010000001100000110000110000011101110000000111001001110000000000011110000000000000000000000000000000000000000000000000000000000000000000000000000000000000000000
0000000000000000000000000000000000000000011111111111111111100100000010000000001001000000100000000010010000001000000000100100000010000000001001000000100000000010010000001000000000100100000010000000010001000000100000000100011000001000000011000011000011000011100000011000111111000000000011111000000000000000000000000000000000000000000000000000000000000000000000000000000000000000000000000000000000000000
0000000000000000000000000000000000000000011111111111111111100100000010000000001001000000100000000010010000001000000000100100000010000000001001000000100000000010010000001000000001100100000010000000010001000000100000000100001000001100000001000010000111100000110000100001001111111000001111110000000000000000000000000000000000000000000000000000000000000000000000000000000000000000000000000000000000000000
0000000000000000000000000000000000000000000000000000000000000111111111111111111011000000100000000010100000001000000000101000000010000000001010000000100000000100100000011100000001001000000101000000010011000001010000001100010000100110000110000110011000111110000000111100000000000000000000000000000000000000000000000000000000000000000000000000000000000000000000000000000000000000000000000000000000000000
0000000000000000000000000000000000000000000000000000000000000111111111111111111001000000100000000010010000001000000000100100000010000000001001000000100000000110010000011000000001000100000110000000010001000001110000001100010000010110000010000100001100011001100001100010000001110000001111000000000000000000000000000000000000000000000000000000000000000000000000000000000000000000000000000000000000000000
0000000000000000000000000000000000000000011111111111111111000100000010000000010001000000100000000100010000001000000001000100000010000000010001000000100000000100010000001000000001000110000010000000010000100000110000000100001100001110000011000001000100111001100000011110000001110000000000000000000000000000000000000000000000000000000000000000000000000000000000000000000000000000000000000000000000000000
0000000000000000000000000000000000000000011111111111111111100100000010000000001001000000100000000010010000010000000000100100000100000000001001000001000000000010010000010000000000100100000100000000001001000000100000000110010000011100000111000110001101111111000000110110000000000000000110000000000000000000000000000000000000000000000000000000000000000000000000000000000000000000000000000000000000000000
0000000000000000000000000000011111111000000001111100000011000001110010000000100000010000100000001000000100001000000010000001000010000000100000010001100000001000000100101000000010000000111010000000100000000000100000010000000000001100000100000000000001000011000000000000001111100000000000000000000000000000000000000000000000000000000000000000000000000000000000000000000000000000000000000000000000000000
0000000000000000000000000000011111111000000001111100000011000001110010000000100000010000100000001000000100001000000010000001000010000000100000010001100000001000000100101000000010000000111010000000100000000000100000010000000000001100000100000000000001000011000000000000001111100000000000000000000000000000000000000000000000000000000000000000000000000000000000000000000000000000000000000000000000000000
0000000000000000000000000000000000000000000000000000000000000000000000000000000000111111111111100000001000010000001000000010001100000010000000100011000000100000010001110000001000000100010100000010000000111001000000100000000000011000010000000000000010001100000000000000011110000000000000000000000000000000000000000000000000000000000000000000000000000000000000000000000000000000000000000000000000000000
0000000000000000000000000000000000000000000000000000000000000000000000000000000000111111111111100000001000010000001000000010001100000010000000100011000000100000010001110000001000000100010100000010000000111001000000100000000000011000010000000000000010001100000000000000011110000000000000000000000000000000000000000000000000000000000000000000000000000000000000000000000000000000000000000000000000000000
0000000000000000000000000000000000000000001111111111111100000010000010000001000000100001100000010000001000011000001000000010000100000010000000100011000000100000001101111000001000000001110010000010000000000000100000100000000000000100010000000000000001111000000000000000000000000000000000000000000000000000000000000000000000000000000000000000000000000000000000000000000000000000000000000000000000000000
0000000000000000000001111111111111111110010000000100000000100100000001000000001001000000010000000010010000000100000000100100000001000000001001000000010000000010010000000100000000100100000001000000001001000000010000000010001000001010000001000001000100010001100000001110000011100000000000000000000000000000000000000000000000000000000000000000000000000000000000000000000000000000000000000000000000000000
0000000000000000000001111111111111111110010000000100000000100100000001000000001001000000010000000010010000000100000000100100000001000000001001000000010000000010010000000100000000100100000001000000001001000000010000000010001000001010000001000001000100010001100000001110000011100000000000000000000000000000000000000000000000000000000000000000000000000000000000000000000000000000000000000000000000000000
0000000000000000000000000000000000000000000000000000000000000000000000000000000000000000000000000000000000001000000000000001111111111000000000010000100010000000000010011000100000000000111110011000000000000000100100000000000000001011000000000000000001100000000000000000000000000000000000000000000000000000000000000000000000000000000000000000000000000000000000000000000000000000000000000000000000000000
0000000000000000000000000000000000000000000000000000000000000000000000000000000000000000000000000000000000001000000000000001111111111000000000010000100010000000000010011000100000000000111110011000000000000000100100000000000000001011000000000000000001100000000000000000000000000000000000000000000000000000000000000000000000000000000000000000000000000000000000000000000000000000000000000000000000000000
0000000000000000000000000000000000000000000000000000000000000111111111111110000001000011000000100000010000110000011000000100001100000100000001000011000001000000001001110000110000000011110110011000000000000000111100000000000000000000000000000000000000000000000000000000000000000000000000000000000000000000000000000000000000000000000000000000000000000000000000000000000000000000000000000000000000000000
0000000000000000000000000000000000000000000000000000000000000000000000000000000000011111111111100000000100010000001000000001000110000010000000010001100000100000000100111000011000000000101010000100000000000100100011000000000000001100100000000000000001110000000000000000000000000000000000000000000000000000000000000000000000000000000000000000000000000000000000000000000000000000000000000000000000000000
0000000000000000000000000000000000000000000000000000000000000000000000000000000000011111111111100000000100010000001000000001000110000010000000010001100000100000000100111000011000000000101010000100000000000100100011000000000000001100100000000000000001110000000000000000000000000000000000000000000000000000000000000000000000000000000000000000000000000000000000000000000000000000000000000000000000000000
